%YAML:1.0
---
rotation: !!opencv-matrix
   rows: 3
   cols: 3
   dt: d
   data: [ 9.9790518245827808e-01, 6.4687389632668874e-02,
       8.8794449264880337e-04, -6.4688241742369729e-02,
       9.9790505373582539e-01, 9.6701022761953024e-04,
       -8.2353092927833532e-04, -1.0224240856259589e-03,
       9.9999913822252751e-01 ]
translation: !!opencv-matrix
   rows: 3
   cols: 1
   dt: d
   data: [ 6.1885746334042549e-02, -7.1699906252438361e-03,
       -4.7432391765725565e-04 ]
essential: !!opencv-matrix
   rows: 3
   cols: 3
   dt: d
   data: [ -2.4778471207076415e-05, 4.8066100564691253e-04,
       -7.1695257702278576e-03, -4.2236546940653156e-04,
       3.2590701535274640e-05, -6.1886114175610907e-02,
       3.1516906838445786e-03, 6.2219906998192118e-02,
       6.6210703336915813e-05 ]
fundamental: !!opencv-matrix
   rows: 3
   cols: 3
   dt: d
   data: [ -3.7423664087949909e-01, 7.2595665265938916e+00,
       -1.0828348603616908e+02, -6.3791116559706058e+00,
       4.9222708554288497e-01, -9.3468444007762514e+02,
       4.7600924397481087e+01, 9.3972581263158668e+02, 1. ]
