%YAML:1.0
---
cameraMatrix: !!opencv-matrix
   rows: 3
   cols: 3
   dt: d
   data: [ 1.1098798616016204e+03, 0., 9.5893063898647256e+02, 0.,
       1.1239711486670353e+03, 5.4909321541497252e+02, 0., 0., 1. ]
distortionCoefficients: !!opencv-matrix
   rows: 1
   cols: 5
   dt: d
   data: [ 1.2998314718207082e-01, -1.6119560906738711e-01,
       1.5448735714834550e-03, -1.7473764569828586e-03,
       4.4996734222955616e-02 ]
rotation: !!opencv-matrix
   rows: 3
   cols: 3
   dt: d
   data: [ 1., 0., 0., 0., 1., 0., 0., 0., 1. ]
projection: !!opencv-matrix
   rows: 4
   cols: 4
   dt: d
   data: [ 1.1098798616016204e+03, 0., 9.5893063898647256e+02, 0., 0.,
       1.1239711486670353e+03, 5.4909321541497252e+02, 0., 0., 0., 1.,
       0., 0., 0., 0., 1. ]
