%YAML:1.0
---
depthShift: -1.6605679337699783e+01
