%YAML:1.0
---
cameraMatrix: !!opencv-matrix
   rows: 3
   cols: 3
   dt: d
   data: [ 3.6533490404174103e+02, 0., 2.5366441835158969e+02, 0.,
       3.6788009716119603e+02, 2.0617322657139857e+02, 0., 0., 1. ]
distortionCoefficients: !!opencv-matrix
   rows: 1
   cols: 5
   dt: d
   data: [ 9.5598476946790231e-02, -2.6649294560579517e-01,
       -2.8505682029014330e-03, -2.0917945796935199e-03,
       8.3657749346225108e-02 ]
rotation: !!opencv-matrix
   rows: 3
   cols: 3
   dt: d
   data: [ 1., 0., 0., 0., 1., 0., 0., 0., 1. ]
projection: !!opencv-matrix
   rows: 4
   cols: 4
   dt: d
   data: [ 3.6533490404174103e+02, 0., 2.5366441835158969e+02, 0., 0.,
       3.6788009716119603e+02, 2.0617322657139857e+02, 0., 0., 0., 1.,
       0., 0., 0., 0., 1. ]
