%YAML:1.0
---
testR_cam_mat: !!opencv-matrix
   rows: 4
   cols: 4
   dt: d
   data: [ 615.580190,   0.,      321.538956,       0.,
                 0.,        615.834428, 255.360511,       0.,
                 0.,        0.,      1.,            0.,
                 0.,        0.,      0.,            1. ]
